0.0 -0.015 -0.044 -0.091 -0.138 -0.184 -0.231 -0.269 -0.302 -0.324 -0.346 -0.362 -0.367 -0.361 -0.357 -0.348 -0.341 -0.328 -0.32 -0.318 -0.329 -0.348 -0.375
-0.002 0.045 0.092 0.122 0.149 0.167 0.184 0.199 0.21 0.22 0.221 0.225 0.221 0.21 0.192 0.16 0.12 0.078 0.031 -0.016 -0.067 -0.128 -0.199
-0.01 0.022 0.029 0.027 0.01 -0.015 -0.052 -0.089 -0.13 -0.165 -0.201 -0.227 -0.242 -0.248 -0.254 -0.254 -0.252 -0.257 -0.259 -0.264 -0.277 -0.287 -0.3
-0.003 0.052 0.093 0.126 0.153 0.172 0.19 0.211 0.227 0.24 0.243 0.235 0.227 0.214 0.192 0.161 0.13 0.091 0.057 0.018 -0.027 -0.084 -0.148
-0.006 0.029 0.052 0.064 0.059 0.046 0.029 0.004 -0.022 -0.05 -0.079 -0.097 -0.125 -0.144 -0.161 -0.191 -0.226 -0.262 -0.307 -0.354 -0.407 -0.459 -0.518
-0.002 0.038 0.072 0.092 0.106 0.117 0.131 0.141 0.152 0.159 0.162 0.162 0.155 0.141 0.114 0.078 0.034 -0.008 -0.057 -0.1 -0.144 -0.188 -0.23
-0.006 0.062 0.118 0.169 0.214 0.248 0.275 0.294 0.302 0.305 0.295 0.28 0.266 0.256 0.234 0.217 0.193 0.163 0.136 0.103 0.067 0.028 -0.016
-0.011 0.056 0.111 0.161 0.209 0.246 0.286 0.326 0.363 0.4 0.43 0.446 0.471 0.478 0.479 0.466 0.449 0.429 0.411 0.39 0.357 0.318 0.263
-0.001 0.045 0.082 0.1 0.11 0.111 0.106 0.101 0.089 0.072 0.047 0.025 -0.005 -0.032 -0.06 -0.102 -0.146 -0.197 -0.254 -0.316 -0.382 -0.445 -0.508
-0.002 0.034 0.071 0.088 0.106 0.12 0.139 0.162 0.188 0.212 0.235 0.249 0.256 0.255 0.245 0.224 0.197 0.166 0.133 0.09 0.037 -0.021 -0.08
-0.006 0.035 0.059 0.067 0.069 0.058 0.051 0.045 0.041 0.038 0.039 0.032 0.043 0.043 0.047 0.05 0.055 0.053 0.056 0.054 0.05 0.051 0.048
-0.009 0.04 0.072 0.101 0.129 0.153 0.18 0.205 0.223 0.238 0.25 0.249 0.257 0.258 0.252 0.243 0.234 0.223 0.212 0.204 0.192 0.174 0.152
